    unsorted:	 69.48070882 66.56358515 83.27664975 49.11903459 17.42569652 244.7289651 234.6479244 277.7433424 935.7806573 952.1108449 1022.988686 797.1298244 850262.2662 3640129.261 3401401.488 199880061.0
      sorted:	 17.42569652 49.11903459 66.56358515 69.48070882 83.27664975 234.6479244 244.7289651 277.7433424 797.1298244 935.7806573 952.1108449 1022.988686 850262.2662 3401401.488 3640129.261 199880061.0
