    unsorted:	 69.48070904 66.56358503 83.27664970 49.11903455 17.42569651 244.7289659 234.6479240 277.7433416 935.7806564 952.1108481 1022.988685 797.1298273 850262.2645 3640129.265 3401401.495 199880060.9
      sorted:	 17.42569651 49.11903455 66.56358503 69.48070904 83.27664970 234.6479240 244.7289659 277.7433416 797.1298273 935.7806564 952.1108481 1022.988685 850262.2645 3401401.495 3640129.265 199880060.9
