maxerr = 0.999948

    37.0352    1.40247   -4.10262   -15.6696   -2.27057   -2.54034    35.7189   -29.6285    2.89307   -13.4351    8.74893  0.0093119
    1.40246    22.1404    4.04224    -16.419    2.55093   0.894232   -24.6689    7.17341    1.92346    8.81393    -10.629  0.0365959
   -4.10262    4.04224    2.52641   -2.37434   0.630818    1.16037   -15.0392    10.5863   -0.60549    6.44249   -6.38188 -0.0235273
   -15.6696    -16.419   -2.37434    100.776   -35.7889   -8.81513    35.2083   -42.5873   -20.5973   -10.0492    1.04293   0.151602
   -2.27057    2.55093   0.630816   -35.7889    51.6694   -8.10028    -20.925    56.8235   -11.8693    6.91194   -1.07077  0.0600921
   -2.54033    0.89423    1.16037   -8.81513   -8.10028    18.4414   -17.9793    8.31505    21.2174    7.56538    5.44638  0.0377936
    35.7249   -24.6705   -15.0518    35.2201   -20.9346   -17.9769    2169.46   -341.668   -245.075   -175.722   -80.9499   -4.19076
   -29.6354    7.18142    10.5916   -42.5961    56.8286    8.31598   -341.666     1403.8    11.7278    154.218    66.5828    7.71173
     2.8977    1.92433  -0.606287   -20.5944   -11.8679    21.2177   -245.094    11.7602    1113.24    143.458    291.186    2.33781
   -13.4348    8.81491    6.44152    -10.049    6.91189    7.56606   -175.701    154.218    143.451    85.4522    38.7195    3.48135
    8.74917   -10.6296   -6.38196    1.04284   -1.07104    5.44663   -80.9463    66.5693    291.187    38.7182    203.377   0.866308
 0.00807994 -0.00855489 -0.00308309 -0.0053744 0.00101744 0.00420651   -4.55435    2.44354   -17.0409  -0.934546   -1.54868     134823

          0 4.84821e-06 3.50293e-07 -4.37555e-08 9.25424e-07 -4.1578e-07 -8.43722e-05 0.000115938 -0.000799462 -1.05794e-05 -1.37584e-05  0.0669839
 -4.84821e-06          0 -1.65864e-08 1.71886e-07 -1.79676e-06 1.22449e-06 3.38327e-05 -0.000558436 -0.000224808 -5.54003e-05 2.95729e-05   0.978332
 -3.50293e-07 1.65864e-08          0 1.34182e-07 9.44241e-07 2.27262e-07 0.000421167 -0.000251156 0.000657443 7.52753e-05 6.86967e-06  -0.740453
 4.37555e-08 -1.71886e-07 -1.34182e-07          0 -4.9095e-08 2.55481e-08 -0.000167622 0.000102787 -7.0259e-05 -1.43517e-05 4.09644e-05    0.99367
 -9.25424e-07 1.79676e-06 -9.44241e-07 4.9095e-08          0 -9.56861e-08 0.00022913 -4.52014e-05 -5.84029e-05 3.98381e-06 0.000124082   0.951137
 4.1578e-07 -1.22449e-06 -2.27262e-07 -2.55481e-08 9.56861e-08          0 -6.86194e-05 -5.54643e-05 -6.11752e-06 -4.49763e-05 -2.3514e-05   0.781093
 8.43722e-05 -3.38327e-05 -0.000421167 0.000167622 -0.00022913 6.86194e-05          0 -3.80657e-06 3.7837e-05 -6.18411e-05 -2.20685e-05  0.0415715
 -0.000115938 0.000558436 0.000251156 -0.000102787 4.52014e-05 5.54643e-05 3.80657e-06          0 -0.00138215 -6.99259e-07 0.000101113   0.518712
 0.000799462 0.000224808 -0.000657443 7.0259e-05 5.84029e-05 6.11752e-06 -3.7837e-05 0.00138215          0 2.53828e-05 -2.43427e-06   0.999948
 1.05794e-05 5.54003e-05 -7.52753e-05 1.43517e-05 -3.98381e-06 4.49763e-05 6.18411e-05 6.99259e-07 -2.53828e-05          0 1.70353e-05   0.999774
 1.37584e-05 -2.95729e-05 -6.86967e-06 -4.09644e-05 -0.000124082 2.3514e-05 2.20685e-05 -0.000101113 2.43427e-06 -1.70353e-05          0   0.999586
 -0.0669839  -0.978332   0.740453   -0.99367  -0.951137  -0.781093 -0.0415715  -0.518712  -0.999948  -0.999774  -0.999586          0
