    unsorted:	 9.060982523 17.27837759 0.9224778315 26.27236476 41.26367057 49.37864970 112.4935801 128.6938972 1132.925032 1305.091471 2384.542491 134822.9962
      sorted:	 0.9224778315 9.060982523 17.27837759 26.27236476 41.26367057 49.37864970 112.4935801 128.6938972 1132.925032 1305.091471 2384.542491 134822.9962
