maxerr = 4.56845e-10

    3.48612    4.27101   -1.43462    1.59959  -0.340739   -1.20186  -0.560247
    4.27101    27.3327   -6.25819    7.96527   -1.44818    -5.1344   -2.11611
   -1.43462   -6.25819    364.395   -254.541    2.95088  -0.508872    3.59234
    1.59959    7.96527   -254.541    407.948  -0.141477    8.07284   -8.76227
  -0.340739   -1.44818    2.95088  -0.141477    5.40705    1.68807   -1.84316
   -1.20186    -5.1344  -0.508872    8.07284    1.68807     19.771   -7.25265
  -0.560247   -2.11611    3.59234   -8.76227   -1.84316   -7.25265    40.8024

          0 6.93107e-12 -7.44599e-11 1.74039e-11 5.66651e-11 4.67555e-11 2.88015e-11
 -6.93107e-12          0 1.62902e-11 -1.31942e-11 -2.40529e-11 -1.79073e-11 -1.19603e-11
 7.44599e-11 -1.62902e-11          0 -1.96184e-13 2.51094e-11 -2.03826e-10 -3.17051e-12
 -1.74039e-11 1.31942e-11 1.96184e-13          0 -4.56845e-10 -1.95984e-11 -7.22562e-12
 -5.66651e-11 2.40529e-11 -2.51094e-11 4.56845e-10          0 1.93241e-11 5.14366e-12
 -4.67555e-11 1.79073e-11 2.03826e-10 1.95984e-11 -1.93241e-11          0 7.79856e-12
 -2.88015e-11 1.19603e-11 3.17051e-12 7.22562e-12 -5.14366e-12 -7.79856e-12          0
