    unsorted:	 10.05371752 8.145041027 21.62449691 32.27062088 47.12997315 80.50110724 87.37665066 162.3549434 227.7076678
      sorted:	 8.145041027 10.05371752 21.62449691 32.27062088 47.12997315 80.50110724 87.37665066 162.3549434 227.7076678
