    unsorted:	 2.732460686 5.101621643 14.84950067 30.54786948 42.77160779 131.1204231 642.0190773
      sorted:	 2.732460686 5.101621643 14.84950067 30.54786948 42.77160779 131.1204231 642.0190773
