    unsorted:	 389.5437570 463.0373382 1.124986777e+10
      sorted:	 389.5437570 463.0373382 1.124986777e+10
