    unsorted:	 19.03184129 22.45506193 30.97571515 99.06643535 117.5927305 164.0780215 264.0155288 331.0878355 461.2912731
      sorted:	 19.03184129 22.45506193 30.97571515 99.06643535 117.5927305 164.0780215 264.0155288 331.0878355 461.2912731
