maxerr = 6.7405e-09

    30.7349   -12.9497    1.74763    17.2236   -7.22924    1.06345    9.84542   -4.11648   0.659893   0.552811  -0.364424  -0.207884   0.196489  0.0958728   0.161333
   -12.9497    48.8447   -26.1847   -7.18585     27.562   -14.8871   -4.06567    15.8733   -8.64067  -0.226314   0.339401   0.521011  -0.187639   -0.34396   -0.65471
    1.74763   -26.1847    44.5005   0.933553    -14.794    25.3304   0.506615   -8.53121    14.7197    0.11893  -0.232467  -0.221014   0.268655   0.165628   0.904078
    17.2236   -7.18585   0.933553    29.6716    -10.656   -6.06572    29.1769   -10.0848   -7.51423  -0.659123    1.03747    0.64519  -0.484792  -0.227237  0.0188988
   -7.22924     27.562    -14.794    -10.656    35.7529   -15.1475   -10.0696    32.9738   -12.9412   0.050943  -0.443981   -2.09348   0.238036    1.05189   0.434688
    1.06345   -14.8871    25.3304   -6.06572   -15.1475    34.7546   -7.55892   -12.9094    32.7178  0.0459898   0.166615    0.51357  -0.328826   -1.01348  -0.797131
    9.84542   -4.06567   0.506615    29.1769   -10.0696   -7.55892    31.3852   -10.5383   -9.22737   -0.88674    1.26516   0.789587  -0.557381   -0.26437 -0.0227395
   -4.11648    15.8733   -8.53121   -10.0848    32.9738   -12.9094   -10.5383    33.9932   -12.5504   0.119609  -0.572372   -2.55465   0.309158    1.26065    0.62251
   0.659893   -8.64067    14.7197   -7.51423   -12.9412    32.7178   -9.22737   -12.5504    34.2805  0.0153682   0.248272   0.672568  -0.426973   -1.23924   -1.06412
   0.552811  -0.226314    0.11893  -0.659123   0.050943  0.0459898   -0.88674   0.119609  0.0153682    3411.07   -777.592   0.491978    100.256   -1.76255  -0.298415
  -0.364424   0.339401  -0.232467    1.03747  -0.443981   0.166615    1.26516  -0.572372   0.248272   -777.592     2971.2    4.88599   -1596.19    4.85197    11.3111
  -0.207884   0.521011  -0.221014    0.64519   -2.09348    0.51357   0.789587   -2.55465   0.672568   0.491978    4.88599    4933.63   -3.55913   -1574.29    9.34677
   0.196489  -0.187639   0.268655  -0.484792   0.238036  -0.328826  -0.557381   0.309158  -0.426973    100.256   -1596.19   -3.55913    2711.74    6.64215   -21.7831
  0.0958728   -0.34396   0.165628  -0.227237    1.05189   -1.01348   -0.26437    1.26065   -1.23924   -1.76255    4.85197   -1574.29    6.64215    2698.15   -15.1767
   0.161333   -0.65471   0.904078  0.0188988   0.434688  -0.797131 -0.0227395    0.62251   -1.06412  -0.298415    11.3111    9.34677   -21.7831   -15.1767    5334.84

          0 5.38662e-12 -8.34871e-12  5.466e-13 6.06784e-12 1.00055e-11 -4.75061e-12 -1.13186e-12 1.04644e-12 -6.35395e-11 3.00272e-12 -5.09406e-10 -5.06174e-10 4.89559e-10 -4.01131e-10
 -5.38662e-12          0 6.14953e-13 2.10336e-12 1.24753e-12 4.05143e-12 -8.00944e-12 3.98828e-13 -1.42326e-12 -3.37025e-10 -4.69052e-10 4.85699e-10 1.3397e-10 -5.32104e-11 -1.72336e-10
 8.34871e-12 -6.14953e-13          0 -2.07635e-11 4.17292e-12 2.39958e-12 -1.34163e-10 -4.56097e-12 1.20639e-12 -3.36496e-10 -1.32047e-11 -5.43598e-10 -1.73936e-10 -6.13796e-10 2.16897e-10
 -5.466e-13 -2.10336e-12 2.07635e-11          0 -1.50244e-11 -6.51607e-12 3.20838e-12  4.118e-13 -1.05954e-11 -2.29062e-11 8.40533e-11 -1.48727e-10 -2.31243e-11 -2.56097e-10 1.99029e-09
 -6.06784e-12 -1.24753e-12 -4.17292e-12 1.50244e-11          0 -1.06449e-12 5.96293e-12 5.53901e-13 8.25602e-12 -1.36102e-09 -7.08519e-12 3.01696e-11 1.57925e-10 -1.43186e-10 -2.98605e-10
 -1.00055e-11 -4.05143e-12 -2.39958e-12 6.51607e-12 1.06449e-12          0 -1.0777e-12 -1.05516e-12 -3.01106e-13 3.97432e-09 1.07714e-10 8.60186e-11 -1.11326e-10  3.517e-11 -7.37345e-11
 4.75061e-12 8.00944e-12 1.34163e-10 -3.20838e-12 -5.96293e-12 1.0777e-12          0 2.23401e-12 9.51812e-13 5.03331e-11 -2.35449e-11 -4.12409e-11 2.47574e-10 -1.09445e-10 2.57726e-09
 1.13186e-12 -3.98828e-13 4.56097e-12 -4.118e-13 -5.53901e-13 1.05516e-12 -2.23401e-12          0 -4.91344e-12 -6.86694e-10 1.5083e-10 -2.80429e-13 -9.16008e-11 -7.18183e-11 -2.42398e-10
 -1.04644e-12 1.42326e-12 -1.20639e-12 1.05954e-11 -8.25602e-12 3.01106e-13 -9.51812e-13 4.91344e-12          0 6.71741e-09 -2.78286e-10 9.08598e-11 2.19002e-11 -6.82422e-11 5.12943e-11
 6.35395e-11 3.37025e-10 3.36496e-10 2.29062e-11 1.36102e-09 -3.97432e-09 -5.03331e-11 6.86694e-10 -6.71741e-09          0 1.31812e-11 6.7405e-09 -1.08678e-11 -3.26361e-10 -1.60901e-09
 -3.00272e-12 4.69052e-10 1.32047e-11 -8.40533e-11 7.08519e-12 -1.07714e-10 2.35449e-11 -1.5083e-10 2.78286e-10 -1.31812e-11          0 2.30632e-10 1.76849e-13 2.73106e-11 2.36386e-10
 5.09406e-10 -4.85699e-10 5.43598e-10 1.48727e-10 -3.01696e-11 -8.60186e-11 4.12409e-11 2.80429e-13 -9.08598e-11 -6.7405e-09 -2.30632e-10          0 4.09175e-11 2.0714e-11 2.18273e-09
 5.06174e-10 -1.3397e-10 1.73936e-10 2.31243e-11 -1.57925e-10 1.11326e-10 -2.47574e-10 9.16008e-11 -2.19002e-11 1.08678e-11 -1.76849e-13 -4.09175e-11          0 -2.2743e-11 -2.076e-10
 -4.89559e-10 5.32104e-11 6.13796e-10 2.56097e-10 1.43186e-10 -3.517e-11 1.09445e-10 7.18183e-11 6.82422e-11 3.26361e-10 -2.73106e-11 -2.0714e-11 2.2743e-11          0 -2.07643e-10
 4.01131e-10 1.72336e-10 -2.16897e-10 -1.99029e-09 2.98605e-10 7.37345e-11 -2.57726e-09 2.42398e-10 -5.12943e-11 1.60901e-09 -2.36386e-10 -2.18273e-09  2.076e-10 2.07643e-10          0
