    unsorted:	 9.233892570 9.682656238 2.508287369 19.93511629 25.67800410 78.08757581 74.21460744 66.56661322 96.09856485 101.2290354 255.1055412 267.8989020 29299.83147 113774.0014 116444.2573 8277985.618 10183122.25 33569204.98 32831721.60 25165268.60 38711429.61 38403517.23 97949140.25 101372478.5 567912888.3 2215782720. 2198605355.
      sorted:	 2.508287369 9.233892570 9.682656238 19.93511629 25.67800410 66.56661322 74.21460744 78.08757581 96.09856485 101.2290354 255.1055412 267.8989020 29299.83147 113774.0014 116444.2573 8277985.618 10183122.25 25165268.60 32831721.60 33569204.98 38403517.23 38711429.61 97949140.25 101372478.5 567912888.3 2198605355. 2215782720.
