    unsorted:	 139.4117222 130.7479836 164.1163733 90.89205324 35.38051746 389.4520801 418.6499703 458.3055689 527.1087876 631.5365221 800.3847648 1553.531714 1583.258325 2672.718349 2744.801836 7981.073276
      sorted:	 35.38051746 90.89205324 130.7479836 139.4117222 164.1163733 389.4520801 418.6499703 458.3055689 527.1087876 631.5365221 800.3847648 1553.531714 1583.258325 2672.718349 2744.801836 7981.073276
